34456
10113
29075
9701
22494
18042
14405
41947
59125
21654
8557
52619
49398
21232
30193
48903
37859
5837
63334
9539
51370
33085
53700
44423
13508
14143
33786
39382
1584
46212
24452
64123
11867
24559
49492
21582
54452
36935
27303
10942
19702
54752
54820
55989
53530
2855
12283
61929
51398
36466
52808
7078
49352
2971
62590
25285
47719
38775
4274
54897
7451
52025
61299
9990
6857
34240
366
2012
38986
64861
22838
42104
55041
41482
36292
16818
61925
48710
62307
55293
21930
55422
22475
39352
23111
8185
35408
39167
2277
822
54760
10935
30088
49782
17132
59958
19745
1148
533
63654
51163
17691
903
63211
57901
18869
9193
26423
63074
34624
59669
24074
49482
48161
55223
22598
53475
40546
34282
30396
61503
55538
46157
30182
35296
8296
39430
19538
13979
42587
55310
8735
56330
57567
4205
10686
18355
32665
13708
1169
7439
34869
20523
44768
2300
15895
44753
13435
26409
31822
23277
37980
6612
6704
60917
35829
5130
27126
50778
29913
42727
47672
28859
51035
48376
24348
22691
11459
57514
19125
27725
45602
54581
52677
62427
41974
8616
10007
1371
51361
48405
46
34582
7929
61087
36409
55327
25747
56652
32399
61298
34724
32676
6787
62242
49228
62303
42858
3700
30547
28348
14725
14013
56037
14664
17250
56923
12048
32193
43848
33442
36325
31655
11780
63593
5194
8813
9668
14846
62251
33564
17660
54320
47883
44250
38197
28155
36873
28333
44951
614
186
27111
5677
28070
39154
48701
14498
51410
15584
6213
45743
37257
1816
54655
58611
53338
6019
25624
8112
55431
10208
45315
10549
2361
9986
57974
13501
21175
50189
24605
8638
34021
4494
13105
39855
26199
64253
38882
63377
51262
37031
33966
17060
45587
29808
23674
11727
1015
24376
45761
28338
44855
39320
20334
60206
46173
52544
40642
59898
15755
7289
43727
29522
25836
28186
11365
44064
61934
13019
21053
60420
46943
6360
33781
34886
22506
36939
44100
15024
22803
15424
55307
57350
21981
22776
10129
16048
17669
23132
61922
5923
35450
64858
26854
60726
35760
22970
13516
34772
51617
11521
8163
56296
56734
15546
40580
997
54763
54514
27131
38790
16494
47510
34645
33574
4969
27749
31801
48164
43416
8180
35400
31682
14175
43236
1441
9418
46408
62270
2792
34194
59400
4360
23891
45207
21246
41737
17208
21887
54962
52055
6341
2985
3297
54586
41457
53878
7600
29963
6060
41576
33260
51148
34358
417
37623
49851
27761
26115
50776
27217
4909
52170
20329
11054
51534
20779
41213
61848
60242
10791
57888
58078
17256
44140
1926
53782
8292
7419
34360
64733
20095
59812
52903
16367
35376
60094
14570
39983
52505
36469
16060
36307
955
35522
48382
48858
62005
3531
8327
1526
50043
51840
28648
21016
31463
41134
57574
8924
8345
45320
21509
60819
30578
10005
40368
24534
40060
57402
56023
51589
29891
55663
18737
13122
62745
14280
51524
16921
22623
7169
38106
9994
22965
51754
1815
32905
43547
5483
65308
28141
39199
18422
19037
45235
22602
49638
13207
50820
17818
25168
22110
32816
15390
7426
59392
63257
22510
18793
62785
33318
50547
41995
33649
44989
53338
22581
60063
31080
15951
58195
10504
10806
12644
13008
56472
30862
1963
63742
12798
29098
30141
6467
38950
15899
2676
63516
48805
54831
20411
62622
9423
12521
22728
57135
51439
45716
5654
45204
53987
59235
42196
25942
3696
21779
48876
51209
52967
12866
50160
14803
15108
36301
44871
34641
52205
14823
60872
29079
63614
8224
62102
27392
1513
23418
51382
50951
60169
5719
41693
11917
13372
6495
40355
57
11568
49462
59276
37422
1054
41152
16137
18491
37295
65377
63039
39846
22926
7216
18413
34886
52336
17066
60899
6650
58606
18849
22776
54747
42864
43954
14827
32813
37512
36923
58097
56103
37731
32385
26789
49043
63614
8393
57167
46913
14164
9457
1233
42573
12041
33224
37025
13329
7572
60942
4109
27386
28149
18010
1536
22508
16314
48086
12473
31418
25009
38291
42444
18756
65163
56048
33629
21261
27009
38387
30053
13045
1541
21054
17603
11555
55190
50947
11432
22527
47329
4727
14148
33956
56077
53590
25941
52684
589
36893
47865
4132
62264
23424
24499
25664
55229
31859
3546
38302
43682
173
59149
6971
18424
33889
3570
8645
57250
39920
55780
9546
45011
13912
9522
36101
3981
47486
47852
57258
36938
29353
48016
58741
61632
9562
31027
22502
36041
5080
43387
18728
10022
15674
20228
61348
19440
52974
43466
63626
1510
57763
12401
28530
20506
42447
47033
60611
8284
41076
50048
25000
24691
43015
39569
2633
58261
63868
17788
57006
50791
10406
40465
7201
37097
27579
4572
3128
30379
534
39874
8302
47464
20590
47293
29007
14399
64263
1706
4942
51517
26391
46063
59693
65306
57813
41011
20793
18747
23558
54017
28500
64349
32261
55837
56899
15397
33067
26579
14160
20808
2505
44754
23556
25735
26412
5795
33570
2386
32667
59009
15384
20247
768
60818
29494
35592
43613
21713
51539
46321
37531
4366
39779
57517
37019
38917
63039
10303
33126
56244
32866
5301
34263
18418
31599
1289
9085
51592
16808
13712
59126
20511
46270
20285
15626
59287
39847
61287
18748
26079
55431
32322
61737
51810
7886
14013
44401
10322
39022
13712
57892
16040
61396
12821
6930
32147
63308
37151
777
366
42539
27665
57783
11650
9281
64445
55505
52573
58782
23214
41220
36837
30492
31883
44965
62669
8315
29567
8660
24806
16006
2091
38661
37144
34769
22570
64882
29718
60584
43379
52678
2325
36756
8560
2577
2945
21303
17576
42291
20940
38085
29320
34267
3453
3106
20358
51410
54724
9180
51617
1079
12602
57416
6062
18057
24706
5656
30148
13108
32583
63985
6194
43316
50448
15488
46452
43312
12420
62714
28248
62935
14253
38822
50370
3359
2886
27363
46292
25087
31743
11130
3249
5654
56215
27955
27655
10264
6741
22222
14631
4352
35034
31977
40212
62627
51170
13901
46525
54680
38979
61915
38081
1446
3852
760
62768
22023
41190
29012
27269
15310
3604
35981
62025
16085
21327
1849
34624
2820
54218
59477
35956
28423
15330
45462
34407
28276
31513
11566
48491
27272
21623
45656
39862
49751
42888
40438
10396
19271
52987
51082
7849
44016
28172
62348
12345
8103
16373
32366
64584
1669
1727
36885
36629
5926
30027
12856
38681
8793
56674
17729
29129
22620
